-0.277157 0.653581 0.67957 -0.348788 0.464611 -0.436483 0.686998;
-0.0438738 0.609401 0.520352 -0.473572 0.378737 -0.60397 0.517212;
0.0780446 0.348471 0.371433 0.564418 -0.318739 0.666699 -0.3679;
0.0105457 0.517056 0.433272 -0.531661 0.347685 -0.587377 0.501438;
-0.0653991 0.614313 0.515146 -0.400358 0.457457 -0.418257 0.674913;
-0.241512 0.645687 0.664676 -0.352173 0.376884 -0.422618 0.745202;
-0.256091 0.370289 0.615999 -0.255231 0.480909 -0.583867 0.602232;
-0.267931 0.456484 0.522344 -0.29593 0.516199 -0.468701 0.652904;
-0.154796 0.393406 0.400993 -0.370326 0.549357 -0.489769 0.566738;
-0.0953372 0.277108 0.375989 0.483787 -0.482098 0.589727 -0.430991;
-0.240691 0.653858 0.708592 -0.398032 0.442804 -0.445125 0.66885;
-0.331115 0.390733 0.891908 -0.291709 0.479323 -0.485546 0.670374;
-0.196806 0.350139 0.885351 -0.372212 0.456225 -0.563424 0.579544;
-0.254422 0.315002 0.932641 -0.371946 0.445254 -0.57283 0.579025;
-0.157434 0.306268 0.877145 0.450391 -0.38516 0.637435 -0.492419;
-0.234293 0.261989 0.891754 -0.304365 0.514729 -0.51933 0.610502;
-0.277661 0.0783089 0.843335 -0.336858 0.4915 -0.594099 0.54037;
