-0.202265 0.346377 0.565264 -0.322921 0.538895 -0.437042 0.643668;
-0.313452 0.358559 0.591718 -0.273902 0.550928 -0.452907 0.645238;
-0.0531432 0.58293 0.529292 -0.287636 0.519283 -0.25871 0.762024;
-0.272143 0.72009 0.896347 -0.232144 0.35938 -0.302226 0.85183;
-0.283316 0.723919 1.04276 -0.156415 0.36547 -0.253695 0.881819;
-0.299058 0.673764 1.10126 0.0340385 0.375321 0.153784 0.913414;
-0.438336 0.613221 1.05783 0.0676735 0.357858 0.179777 0.913804;
-0.537185 0.418445 1.08943 -0.0420512 0.302223 -0.456739 0.835633;
-0.501251 0.473356 1.12517 -0.0484078 0.30132 -0.444069 0.842417;
-0.377664 0.572619 1.22434 -0.0956788 0.282935 -0.466085 0.832801;
-0.186832 0.641804 1.29882 -0.041126 0.331165 -0.13006 0.933661;
-0.317498 0.523131 1.27132 -0.0151364 0.310866 -0.224618 0.923406;
-0.455092 0.428065 1.17339 -0.0588994 0.314126 -0.474148 0.82039;
-0.45059 0.378551 1.23567 0.00892481 0.32487 -0.348607 0.879121;
-0.508635 0.307111 1.16704 0.0195221 0.341622 -0.429616 0.835669;
-0.435761 0.0974633 0.806971 -0.0578789 0.465157 -0.587662 0.659494;
-0.387737 0.160517 0.773129 -0.0684189 0.477657 -0.556255 0.676568;
-0.162065 0.592154 0.508932 -0.216723 0.577469 -0.311017 0.723069;
-0.128554 0.613802 0.492995 -0.245093 0.560167 -0.29938 0.732472;
-0.216199 0.56918 0.571269 -0.25739 0.508134 -0.383852 0.72678;
-0.122991 0.641662 0.518492 -0.235664 0.559744 -0.287531 0.740591;
0.0444484 0.370841 0.403325 -0.318018 0.569386 -0.450866 0.609413;
-0.037365 0.478832 0.559694 -0.125571 0.643787 -0.259408 0.708857;
-0.0791458 0.63634 0.759026 -0.228113 0.547899 -0.38748 0.705429;
-0.0969473 0.611369 0.712485 -0.322235 0.511306 -0.423763 0.674653;
-0.291804 0.671257 0.770938 -0.301277 0.483687 -0.359137 0.739121;
-0.250514 0.695345 0.783379 -0.30807 0.474478 -0.37258 0.735628;
-0.289768 0.696756 0.816527 -0.278567 0.48111 -0.349373 0.754236;
-0.333455 0.670921 0.812328 -0.301306 0.45222 -0.374748 0.751182;
-0.310766 0.628012 1.03326 -0.176504 0.485348 -0.321604 0.793634;
-0.250573 0.49214 1.10484 -0.188726 0.499943 -0.32913 0.778532;
-0.281412 0.10236 0.798173 -0.211341 0.544928 -0.457821 0.669917;
-0.313023 0.0473132 0.744703 -0.173139 0.581953 -0.474357 0.637447;
-0.359948 -0.00367705 0.694871 -0.16121 0.596816 -0.507624 0.600116;
-0.243974 0.1154 0.571499 -0.234431 0.615569 -0.485323 0.57496;
