-0.154087 0.315885 0.685319 -0.293517 0.53726 -0.439869 0.65705;
-0.390696 0.120943 0.86079 -0.182015 0.532188 -0.522839 0.640536;
-0.322977 0.295327 0.966718 -0.129214 0.517668 -0.382255 0.754457;
-0.300848 0.311889 1.01361 -0.115532 0.50284 -0.322223 0.793711;
-0.336461 0.369069 1.12954 -0.183069 0.416856 -0.387126 0.80178;
-0.38978 0.416286 1.18623 -0.195868 0.370437 -0.471358 0.776037;
-0.323006 0.564625 1.04985 -0.279091 0.364112 -0.403696 0.791556;
-0.287685 0.587898 1.03914 -0.339692 0.345143 -0.488395 0.725917;
-0.264102 0.623043 1.00619 -0.352261 0.34999 -0.510821 0.70177;
-0.190005 0.721453 0.694557 -0.379558 0.460357 -0.378985 0.707374;
-0.142708 0.743127 0.606129 -0.405392 0.465412 -0.386313 0.685428;
-0.0801748 0.712472 0.537254 -0.392583 0.488678 -0.395079 0.671554;
-0.02782 0.671213 0.50142 -0.366481 0.548881 -0.350443 0.664538;
-0.0618763 0.482578 0.38624 -0.394026 0.58341 -0.421843 0.571336;
-0.00789598 0.705834 0.631191 -0.389421 0.467011 -0.363317 0.70587;
-0.234527 0.505835 0.452739 -0.345404 0.584915 -0.347608 0.646328;
-0.224794 0.0657184 0.605097 -0.269522 0.564579 -0.520575 0.581043;
-0.278005 0.0886892 0.625222 -0.234921 0.57781 -0.50762 0.594365;
-0.32787 0.00503155 0.77007 -0.18244 0.5636 -0.543541 0.594671;
-0.407298 0.10034 0.836712 -0.1276 0.558643 -0.519986 0.633444;
-0.44513 0.108375 0.881503 -0.10893 0.526777 -0.499794 0.678856;
-0.410349 0.674982 1.08748 -0.185603 0.397546 -0.322266 0.83884;
-0.368214 0.496441 1.15608 -0.248698 0.391692 -0.464128 0.754527;
-0.344392 0.0819612 0.761288 -0.247008 0.513074 -0.552272 0.608882;
-0.0773995 0.273856 0.794124 -0.358516 0.469852 -0.497611 0.634893;
