[2398.372149892075, 0, 626.4630783348566;
  0, 2400.619049615474, 530.6536885509985;
  0, 0, 1]
[-0.3444756102929555, 0.1195343259146658, -4.943976740900955e-05, 0.0005858087823729935, 3.402096409233793]
[-0.9362, 0.3406, 0.0870, -0.03042261870443633;
  0.3511, 0.9207, 0.1733, -0.06515865292094342;
  -0.021, 0.1929, -0.9811, -0.0803238653626135;
  0, 0, 0, 1]
[2414.435613303205, 0, 625.095179309617;
  0, 2414.516242099587, 534.994353704;
  0, 0, 1]
[-0.358787039637152, 0.4194046841200591, -2.120664632668255e-05, 0.0006087152357939787, -1.688464409702104]
[-0.9872098518777164, 0.1588480891128352, 0.01356439975743536, 0.01730639605321746;
  0.1590842799707126, 0.987089876251471, 0.01859483982333014, -0.05892413970582722;
  -0.01043552690469751, 0.02051489183632627, -0.9997350844054462, -0.09366524807335491;
  0, 0, 0, 1]
[2414.435613303205, 0, 625.095179309617;
  0, 2414.516242099587, 534.994353704;
  0, 0, 1]
[-0.358787039637152, 0.4194046841200591, -2.120664632668255e-05, 0.0006087152357939787, -1.688464409702104]
[-0.9872098518777164, 0.1588480891128352, 0.01356439975743536, 0.01730639605321746;
  0.1590842799707126, 0.987089876251471, 0.01859483982333014, -0.05892413970582722;
  -0.01043552690469751, 0.02051489183632627, -0.9997350844054462, -0.09366524807335491;
  0, 0, 0, 1]
[2414.435613303205, 0, 625.095179309617;
  0, 2414.516242099587, 534.994353704;
  0, 0, 1]
[-0.358787039637152, 0.4194046841200591, -2.120664632668255e-05, 0.0006087152357939787, -1.688464409702104]
[-0.9872098518777164, 0.1588480891128352, 0.01356439975743536, 0.01730639605321746;
  0.1590842799707126, 0.987089876251471, 0.01859483982333014, -0.05892413970582722;
  -0.01043552690469751, 0.02051489183632627, -0.9997350844054462, -0.09366524807335491;
  0, 0, 0, 1]
[2414.435613303205, 0, 625.095179309617;
  0, 2414.516242099587, 534.994353704;
  0, 0, 1]
[-0.358787039637152, 0.4194046841200591, -2.120664632668255e-05, 0.0006087152357939787, -1.688464409702104]
[-0.9872098518777164, 0.1588480891128352, 0.01356439975743536, 0.01730639605321746;
  0.1590842799707126, 0.987089876251471, 0.01859483982333014, -0.05892413970582722;
  -0.01043552690469751, 0.02051489183632627, -0.9997350844054462, -0.09366524807335491;
  0, 0, 0, 1]
[2414.435613303205, 0, 625.095179309617;
  0, 2414.516242099587, 534.994353704;
  0, 0, 1]
[-0.358787039637152, 0.4194046841200591, -2.120664632668255e-05, 0.0006087152357939787, -1.688464409702104]
[-0.9872098518777164, 0.1588480891128352, 0.01356439975743536, 0.01730639605321746;
  0.1590842799707126, 0.987089876251471, 0.01859483982333014, -0.05892413970582722;
  -0.01043552690469751, 0.02051489183632627, -0.9997350844054462, -0.09366524807335491;
  0, 0, 0, 1]
[2414.435613303205, 0, 625.095179309617;
  0, 2414.516242099587, 534.994353704;
  0, 0, 1]
[-0.358787039637152, 0.4194046841200591, -2.120664632668255e-05, 0.0006087152357939787, -1.688464409702104]
[]
[2414.435613303205, 0, 625.095179309617;
  0, 2414.516242099587, 534.994353704;
  0, 0, 1]
[-0.358787039637152, 0.4194046841200591, -2.120664632668255e-05, 0.0006087152357939787, -1.688464409702104]
[]
[2414.435613303205, 0, 625.095179309617;
  0, 2414.516242099587, 534.994353704;
  0, 0, 1]
[-0.358787039637152, 0.4194046841200591, -2.120664632668255e-05, 0.0006087152357939787, -1.688464409702104]
[]
[2414.435613303205, 0, 625.095179309617;
  0, 2414.516242099587, 534.994353704;
  0, 0, 1]
[-0.358787039637152, 0.4194046841200591, -2.120664632668255e-05, 0.0006087152357939787, -1.688464409702104]
[]
[2414.435613303205, 0, 625.095179309617;
  0, 2414.516242099587, 534.994353704;
  0, 0, 1]
[-0.358787039637152, 0.4194046841200591, -2.120664632668255e-05, 0.0006087152357939787, -1.688464409702104]
[]
[2414.435613303205, 0, 625.095179309617;
  0, 2414.516242099587, 534.994353704;
  0, 0, 1]
[-0.358787039637152, 0.4194046841200591, -2.120664632668255e-05, 0.0006087152357939787, -1.688464409702104]
[]
