[2424.205376056682, 0, 617.150213469036;
  0, 2426.715854269376, 542.8837945586903;
  0, 0, 1]
[-0.357509754261539, 0.2925458520384712, -0.0003367442513342855, 0.0004457292586286948, -0.8883324913123273]
[-0.9110169591097125, 0.3674377480548905, 0.18718333664844, -0.05964933232363066;
  0.004594615699603621, 0.4629384504423341, -0.8863785199386448, -0.1653566783926637;
  0.4123432911071372, 0.8066458283574032, 0.4234330146227786, -0.2731626819855898;
  0, 0, 0, 1]
[2422.948100543069, 0, 617.7119697399313;
  0, 2425.399222165796, 539.4077424361076;
  0, 0, 1]
[-0.3541386052875849, 0.2424007420102853, -0.000421420490643875, 0.0004777272493009639, -0.6701113286095883]
[-0.9879045333773652, -0.1205562185232867, -0.09752349003094619, -0.1453730996816398;
  0.05587417755953119, 0.309921978714145, -0.9491187720153654, -0.1796703540448135;
  -0.144646843085138, 0.9430877823857516, 0.2994373482053113, -0.3691794498116291;
  0, 0, 0, 1]
[2422.948100543069, 0, 617.7119697399313;
  0, 2425.399222165796, 539.4077424361076;
  0, 0, 1]
[-0.3541386052875849, 0.2424007420102853, -0.000421420490643875, 0.0004777272493009639, -0.6701113286095883]
[-0.9879045333773652, -0.1205562185232867, -0.09752349003094619, -0.1453730996816398;
  0.05587417755953119, 0.309921978714145, -0.9491187720153654, -0.1796703540448135;
  -0.144646843085138, 0.9430877823857516, 0.2994373482053113, -0.3691794498116291;
  0, 0, 0, 1]
