-1.51942     1.56092    -3.60451    0.814108    0.432185     1.90979
-1.51942     1.61986    -3.56412      0.8486    0.481501     1.92784
-1.53865     1.48226    -3.48358    0.771019    0.465062      1.8647
-1.84744     1.44293    -3.36276    0.865846    0.432185      1.8737
-1.53865     1.36427    -3.40303      0.8486    0.489696     1.93689
-1.71234     1.63947    -3.36276    0.779617     0.44038     1.94594
-1.63517     1.63947    -3.38284    0.865846    0.415747     1.99104
-1.6931     1.32494    -3.32249    0.779617    0.374626     2.00009
-1.61593     1.48226    -3.58432    0.840002    0.448624     1.90979
-1.75092     1.42321    -3.44331    0.805511    0.456819     1.92784
-1.48083     1.44293    -3.34257    0.796863    0.432185     1.89175
-1.51942     1.44293    -3.70513    0.805511    0.465062     1.92784
-1.63517     1.61986    -3.52385    0.788265    0.456819     1.96399
-1.73169     1.56092    -3.32249      0.8486     0.38287      1.8737
-1.4229      1.4036    -3.60451    0.831354    0.366383     1.99104
-1.44225     1.50187    -3.56412    0.840002    0.341749     1.89175
-1.67375      1.4036    -3.48358    0.822757    0.391065     1.85565
-1.48083      1.5412    -3.40303    0.857248    0.432185     1.97299
-1.53865     1.32494    -3.44331      0.8486    0.465062     1.96399
-1.75092     1.48226    -3.56412    0.822757    0.407503     1.94594
-1.53865     1.44293    -3.66486      0.8486    0.423942     2.01814
-1.558     1.48226    -3.40303    0.788265    0.506183     1.92784
-1.53865     1.52159    -3.50377      0.8486    0.465062      1.9008
-1.71234     1.42321     -3.3023    0.814108    0.423942      1.9008
-1.61593      1.5412    -3.56412    0.796863    0.465062     1.94594
-1.53865     1.44293    -3.38284    0.771019    0.481501     2.00009
-1.77027      1.4036    -3.56412    0.745125     0.44038     1.91884
-1.6931     1.42321    -3.38284    0.857248    0.423942     1.85565
-1.75092      1.4036    -3.44331    0.805511    0.423942     1.91884
-1.67375     1.48226    -3.40303    0.831354    0.423942     1.88275
-1.57735     1.48226    -3.34257    0.771019    0.555498     1.90979
-1.63517      1.4036    -3.36276    0.753773    0.415747      1.9008
-1.48083      1.4036    -3.50377    0.822757    0.489696     1.96399
-1.65452     1.52159    -3.28222    0.762371    0.448624     1.92784
-1.61593      1.5412    -3.42323    0.762371    0.448624     1.93689
-1.57735     1.42321    -3.60451    0.831354    0.407503     1.95494
-1.50007      1.5412    -3.34257    0.831354    0.415747     1.95494
-1.61593     1.52159    -3.32249    0.805511     0.44038      1.8737
-1.61593     1.48226    -3.52385    0.865846    0.456819      1.9008
-1.46148     1.63947    -3.44331    0.822757    0.506183     1.97299
-1.61593     1.44293     -3.4635    0.814108    0.423942     1.94594
-1.558     1.63947    -3.32249    0.788265    0.465062     1.94594
-1.71234     1.32494    -3.52385    0.814108    0.497939     1.89175
-1.46148     1.56092    -3.36276      0.8486    0.415747     1.99104
-1.558     1.50187    -3.56412    0.796863    0.432185      1.9008
-1.75092     1.48226     -3.4635    0.822757    0.399308     1.99104
-1.63517     1.48226    -3.44331    0.788265    0.497939     1.94594
-1.73169     1.48226    -3.62459    0.883092    0.432185     1.90979
-1.59658      1.5412     -3.4635    0.865846    0.399308     1.92784
-1.67375     1.44293     -3.4635    0.762371    0.432185      1.8737
-1.558     1.44293    -3.44331    0.831354    0.415747     1.88275
-1.63517      1.4036    -3.38284    0.771019     0.44038      1.9008
-1.53865     1.58053    -3.32249    0.857248    0.399308     1.94594
-1.558     1.65919     -3.4635    0.814108     0.44038      1.9008
-1.57735     1.60025     -3.3023    0.788265    0.432185     1.92784
-1.57735     1.48226    -3.44331    0.796863    0.465062     1.91884
-1.57735     1.63947    -3.52385    0.831354    0.481501     1.90979
-1.73169     1.58053    -3.34257    0.857248    0.514378     1.95494
-1.57735     1.56092    -3.58432    0.796863    0.391065     1.92784
-1.6931     1.46254    -3.50377    0.840002    0.481501     1.94594
-1.44225     1.75746    -3.52385    0.822757    0.465062     1.90979
-1.61593     1.48226    -3.38284    0.874494    0.489696     1.91884
-1.65452     1.34455     -3.4635    0.805511    0.415747     1.93689
-1.558     1.36427    -3.36276    0.952075    0.415747     1.93689
-1.50007     1.63947    -3.50377    0.771019    0.415747     1.90979
-1.59658     1.48226    -3.48358     0.89174     0.44038     1.89175
-1.57735      1.5412    -3.48358    0.822757    0.374626     1.94594
-1.65452     1.42321     -3.4635    0.831354    0.497939     1.96399
-1.558     1.60025    -3.58432    0.796863    0.448624      1.9008
-1.558     1.48226    -3.38284    0.831354    0.399308      1.8737
-1.48083      1.5412    -3.44331    0.796863    0.415747     1.90979
-1.73169     1.56092    -3.44331      0.8486     0.44038     1.88275
-1.65452     1.44293    -3.44331    0.805511    0.448624     1.99104
-1.75092     1.34455    -3.44331    0.831354    0.465062     1.98204
-1.67375     1.46254    -3.58432    0.805511    0.506183     1.92784
-1.59658     1.50187    -3.54405    0.822757    0.473258     1.84665
-1.61593     1.44293    -3.52385    0.840002     0.44038     1.89175
-1.50007     1.56092    -3.44331    0.831354     0.44038     1.97299
-1.57735     1.60025    -3.54405    0.805511    0.465062     1.94594
-1.73169     1.44293    -3.48358    0.788265    0.415747     1.92784
-1.77027     1.56092    -3.38284    0.840002    0.465062     2.00009
-1.65452     1.46254    -3.48358    0.805511    0.366383     1.98204
-1.44225     1.44293     -3.4635    0.840002    0.399308     1.92784
-1.51942     1.52159    -3.56412    0.745125    0.407503     1.90979
-1.57735     1.36427    -3.52385    0.831354    0.448624     1.95494
-1.63517     1.52159    -3.34257    0.788265    0.407503      1.9008
-1.53865     1.60025    -3.64478    0.840002    0.415747      1.9008
-1.51942     1.48226    -3.42323    0.796863    0.456819     1.91884
-1.53865     1.71813    -3.32249    0.788265    0.448624     1.88275
-1.50007     1.48226    -3.36276    0.771019     0.44038     2.00909
-1.6931     1.42321    -3.52385    0.865846    0.456819      1.9008
-1.53865     1.52159    -3.60451    0.840002    0.465062     2.01814
-1.59658     1.60025     -3.4635    0.822757    0.374626     1.95494
-1.75092     1.44293    -3.48358    0.771019    0.465062     1.88275
-1.63517     1.56092     -3.3023    0.796863     0.38287     1.94594
-1.6931     1.56092    -3.38284    0.926232    0.456819     1.91884
-1.6931     1.63947    -3.58432    0.788265    0.465062      1.8737
-1.61593     1.48226    -3.42323    0.900338    0.489696     1.95494
-1.63517      1.5412    -3.28222     0.89174    0.399308     1.91884
-1.53865     1.44293    -3.28222    0.753773    0.399308     1.93689
-1.53865     1.50187    -3.40303     0.89174    0.465062     1.95494
-1.67375     1.61986    -3.42323     0.89174    0.506183      1.9008
-1.558     1.50187    -3.52385    0.831354    0.489696     1.94594
-1.63517     1.52159    -3.62459    0.796863    0.497939     1.92784
-1.53865     1.44293    -3.40303    0.883092    0.448624     1.85565
-1.80885      1.4036     -3.4635    0.831354    0.456819     1.98204
-1.63517     1.52159    -3.42323    0.753773    0.423942     1.94594
-1.558     1.56092    -3.58432    0.883092    0.473258     1.95494
-1.65452     1.44293    -3.28222    0.831354    0.358188      1.8737
-1.44225      1.4036    -3.44331    0.814108    0.514378      1.9008
-1.77027     1.44293    -3.36276    0.771019    0.407503     1.89175
-1.50007     1.56092     -3.4635    0.857248    0.497939     1.92784
-1.51942     1.48226    -3.54405    0.762371    0.432185     1.96399
-1.50007      1.4036    -3.60451    0.771019    0.399308     1.93689
-1.59658     1.56092    -3.54405    0.874494     0.38287     1.96399
-1.65452     1.60025    -3.44331      0.8486    0.506183     1.94594
-1.51942      1.5412    -3.48358    0.805511    0.489696      1.9008
-1.48083     1.50187    -3.52385    0.805511    0.465062     1.98204
-1.50007      1.4036    -3.48358    0.822757    0.456819     1.90979
-1.57735     1.58053    -3.52385    0.865846    0.432185     1.98204
-1.61593     2.44568    -3.94688    0.943477    0.456819      1.9008
-1.36508     3.07496    -3.16128    0.788265     0.28419     1.92784
-1.46148     2.03277    -3.32249    0.857248    0.349944     1.91884
-2.07906     2.13115    -3.28222    0.814108    0.415747     1.95494
-2.32991     1.48226    -3.12101    0.710633    0.366383     2.01814
-2.71575      1.6788    -3.28222    0.822757    0.497939     1.92784
-2.85085     3.15362    -3.78579    0.831354    0.366383     1.90979
-1.96319     2.26875     -2.6981    0.633053    0.226631     1.89175
-2.32991     3.58614    -3.66486    0.952075    0.251313     1.92784
-2.31056     1.18723    -2.59736    0.727879    0.259556      1.8737
-2.48425     2.54406     -2.2146    0.529578    0.193754     1.90979
-3.46832      2.4654    -3.16128    0.814108     0.38287     1.88275
-3.46832     3.70413    -2.47654    0.503734    0.144438     1.95494
-3.68059     3.88105    -3.10094    0.796863    0.374626     1.81955
-3.73852     2.05249    -3.44331      0.8486    0.514378     1.95494
-4.33674     3.33055     -3.7656    0.908986    0.399308     1.95494
-3.83504     2.28836    -1.99305    0.391611    0.160877     1.91884
-3.54548     3.35016    -2.17433     0.64165   0.0375637     1.92784
-4.52966     2.91764    -2.11398    0.460594    0.366383     1.97299
-4.27881     3.40921    -2.43615    0.495086    0.218436      1.9008
-4.24023     3.99904    -2.73837     1.00381    0.423942     1.85565
-3.23681     3.35016    -1.65068     0.31403    0.136243      1.8737
-5.18571     4.11704    -2.81891    0.745125    0.267752     1.88275
-4.31739     5.29682    -2.45635    0.865846    0.275995     1.92784
-4.89627     4.15637    -2.51682    0.658896    0.251313     1.98204
-5.16647     3.74346    -2.27507    0.529578    0.251313     1.98204
-3.46832     3.17323    -2.29526    0.771019    0.300629     1.84665
-4.00861     3.35016    -1.52986    0.581315    0.300629     1.95494
-4.87704     4.43168    -2.91965      1.0383    0.432185     1.95494
-4.684     4.39235    -2.43615    0.874494     0.28419     1.94594
-4.39456     3.76306    -2.29526    0.926232     0.24307     1.81955
-4.49108     3.21256    -2.45635    0.667544    0.522621      1.9008
-4.78052     4.82486    -3.12101     1.01241     0.28419     1.85565
-3.46832     3.68452     -2.6779      1.0469    0.325311     1.90979
-3.54548     2.64233    -3.64478     1.30559     0.38287      1.8737
-5.59101     3.50748    -3.38284    0.977969    0.588376     1.95494
-4.5876     2.34741    -2.77864    0.977969    0.317067     1.92784
-4.76117     3.62547    -3.36276    0.857248    0.432185     1.92784
-4.18229     2.83898     -3.0002    0.805511    0.604814     1.98204
-3.56483      1.6788    -3.14121     1.33148     0.53906     1.89175
-4.06654     1.95411    -4.04762     1.39182    0.802125     1.92784
-3.79634     2.76032    -3.64478     1.18487     0.44038     1.93689
-3.5069     3.07496    -3.86634     1.51254    0.687007      1.9008
-3.23681    0.577669       -2.98     1.10729    0.588376     1.94594
-3.62277    0.440071    -3.62459     1.15903     0.69525     2.00009
-2.85085     1.32494    -3.44331     1.15903     0.65413     2.00909
-2.88944    0.440071    -3.10094     1.22801    0.604814     1.95494
-2.96661     0.16476    -3.98715     1.37457    0.662373     1.94594
-2.4649     0.81365    -3.36276     1.13313    0.629496     1.91884
-1.96319     0.81365     -3.7656     1.29699     0.69525     1.94594
-2.65793    0.420463    -3.36276    0.908986    0.736371     1.91884
-3.31398     0.28275     -3.3023     1.01241    0.818563     1.88275
-1.53865    -1.25089    -3.44331     1.01241    0.744566     1.96399
-1.94396    -1.54581    -3.96708     1.40042    0.950072     1.92784
-1.6931   -0.700388     -4.0677     1.35733    0.925438     1.96399
-1.88602    -2.90265    -3.22175    0.977969    0.876122     1.97299
-1.59658    -3.47287    -2.61744    0.693388     0.81032     1.88275
-1.24921    -3.17784     -3.0002    0.908986    0.892561     1.95494
-0.998359    -2.23403    -2.83911    0.805511    0.826759     2.01814
-0.94054    -3.02064    -2.65783    0.977969    0.867879     1.96399
-1.17204    -5.39982    -2.65783    0.779617    0.950072     1.85565
-0.516    -4.67227    -3.08074    0.883092    0.974754     1.96399
-0.863371    -5.73407    -2.43615    0.676142     1.02407     1.96399
-0.110809     -6.1667    -2.35561    0.934829     1.05695     1.89175
-0.226562    -6.22564    -2.37581    0.865846     1.07339     1.95494
-0.380899    -4.61333     -1.9327    0.598561     1.06519     1.97299
0.313731    -5.20317    -1.67075    0.546823     0.96651     1.91884
0.313731    -7.03185    -1.83196    0.503734    0.982997     1.96399
0.197978    -6.08804     -1.9125    0.581315     1.04051     1.92784
0.776855    -7.03185     -1.6104    0.495086    0.958315     1.96399
0.699686    -8.52616    -1.48947    0.633053     1.10631     1.91884
0.622518    -6.54028     -1.6104    0.391611     1.04051     1.98204
1.18216    -7.77901     -1.6104    0.529578    0.999436     1.97299
1.10488    -6.54028    -1.73122    0.374365     1.06519     1.93689
1.66452    -7.64141   -0.804729    0.305382    0.867879     2.00009
1.60658    -9.41103   -0.744262    0.210555     1.08163     2.06323
1.4716    -8.27058   -0.462241    0.357119     1.06519     2.01814
1.568    -8.32963   -0.079599    0.141572    0.974754     1.99104
2.5136    -10.1189   -0.724067     0.27089     1.07339     1.96399
2.08906    -10.0206   -0.663719    0.210555     1.03231     1.96399
2.86086    -9.33237   0.0816067   0.0553424    0.925438     1.88275
2.64859    -9.15545    0.141955  -0.0912219    0.941877     2.00009
2.89944     -9.9026   -0.522708   0.0898341     1.15563     2.02713
2.84162    -9.72567    0.121879   -0.134311     1.03231     1.94594
3.07313    -8.93919    0.242694   -0.237786    0.974754     1.90979
3.11171    -10.2566    0.484444   -0.255032     1.00763      1.9008
3.34333    -11.9475  0.00106289   -0.168803     1.11451     1.94594
3.5556    -11.0628     1.10884   -0.392999    0.933633     1.94594
3.76787    -12.5571    0.947748   -0.410244       0.909     1.91884
4.09589    -10.1386    0.363628   -0.168803    0.950072     1.91884
4.3274    -12.8717   -0.059404    0.176063     1.03231     1.96399
4.17306    -10.7875     1.87424   -0.513719    0.818563     2.00009
4.38533    -11.3577    0.806737   -0.211943    0.925438     1.98204
3.53625    -12.3211     2.21661     -1.0138    0.678812     1.94594
4.09589      -12.97     3.34457   -0.858586    0.851441     1.99104
3.40115    -10.6498     2.31735   -0.211943    0.851441      1.8737
5.33081    -10.1779      2.2368   -0.936217    0.580132     1.93689
5.79394    -9.70595     1.22965    -0.63444    0.670568     1.90979
7.06755    -9.58796     2.47855   -0.229188    0.826759     1.95494
7.51133    -10.7088      1.4714   -0.703424    0.670568     2.01814
6.29564    -11.7509     4.51293    -1.29833    0.456819     2.04518
6.02555    -10.7875     1.35058   -0.530965    0.761004     1.91884
6.31499    -10.6891     1.26992   -0.565457    0.826759      1.9008
7.8587     -11.338     3.28423   -0.893077    0.613057     1.97299
6.60443    -11.0037     1.43113   -0.332663    0.982997      1.8737
7.93587    -11.3773     2.72018   -0.453384    0.941877     1.90979
8.91994    -10.2566     4.23091    -1.09143    0.547255     2.01814
6.58508     -11.456     3.12302   -0.703424    0.637691     1.98204
6.43074     -11.515     3.04248   -0.332663    0.867879     1.98204
8.28324     -11.515     3.76761   -0.686178    0.728127     2.00009
7.49209    -9.29304     2.37781   -0.660284    0.925438     1.96399
8.78495    -10.4728     2.57917   -0.686178     0.96651     2.00009
7.41481    -9.05706     3.20368   -0.668932    0.711689     1.97299
6.37281    -9.84367     2.98213   -0.651686    0.687007     1.98204
5.69753     -9.5093     3.00221   -0.712021    0.769248     1.97299
6.29564    -10.7284     2.78065   -0.643038    0.999436     1.97299
7.68501    -10.6302     2.65983   -0.643038     1.02407     1.96399
5.96762    -8.86053     2.35762   -0.496474    0.925438     2.00909
5.54308    -6.75654     2.03533   -0.487825     0.69525     1.92784
4.84845    -10.6104     3.22376    -0.63444    0.900756     1.92784
5.13789    -9.19478     2.51882   -0.763759    0.933633     2.00009
4.90627    -7.95593     1.51167    -0.47063     1.02407     1.99104
5.29223    -7.26783    0.705998   -0.177451     1.09807     1.93689
5.31158     -6.6976    0.927553   -0.177451    0.900756     1.99104
4.92562     -8.2903     1.63249   -0.160205    0.933633     2.04518
4.01872     -7.9166    0.383705   0.0639906     1.11451     1.99104
2.97672    -8.64415     1.06856   -0.203294     1.03231     1.97299
2.89944    -9.03746    0.766465   -0.203294     1.13919     1.98204
3.03454    -6.79587     0.98802   -0.444736    0.999436     1.98204
3.57483    -5.34077    0.323238   0.0639906     1.08982     1.95494
3.16964    -6.00938   0.0211398   0.0898341     1.17206     1.91884
2.64859    -5.30144   -0.079599    0.434751     1.17206     1.99104
2.22416    -4.14137    0.141955    0.158817     1.08163     1.93689
1.76104    -5.20317    0.383705   -0.117065    0.941877     1.92784
1.95396    -6.50095     0.74627   -0.384401    0.933633     1.92784
1.79962    -5.67513      1.1693   -0.367155    0.835002     1.93689
1.41366    -3.90539    -1.08663    0.529578     1.20494     1.95494
1.3365    -1.05424   -0.865078    0.598561     1.05695      1.9008
1.78027    -2.23403    -1.10683    0.434751     1.12275     1.94594
0.776855    -3.84645   -0.965817    0.132974      1.1967     2.00009
-0.245797    -3.13851   -0.139948   0.0122531     1.08163     1.90979
0.699686    -1.03464   -0.986012    0.322628    0.950072     1.90979
0.352315     1.36427    -1.97297    0.426103     1.01587     1.92784
-0.689686   0.0860996   -0.462241  -0.0998701    0.588376     1.90979
-0.959775   -0.287479   -0.885273 -0.00499269    0.859684     1.95494
-0.612517    0.105822    -2.65783    0.779617      1.2625     2.00009
-0.400247     1.28561    -2.81891    0.796863     1.31182     2.00909
-1.59658   -0.248149   -0.542785    0.201957    0.933633     1.95494
-1.4229   -0.543067    -1.36865    0.141572    0.999436     1.99104
-1.50007     2.62272    -2.39588    0.434751     1.06519     1.91884
-2.71575    0.558061    -1.06656   0.0208508    0.892561     1.92784
-2.23339     2.09182    -1.46939    0.227801    0.736371     1.94594
-2.40708     2.64233    -1.65068    0.158817    0.752809     1.96399
-2.38773     1.77718    -2.07359    0.236449     0.69525     1.98204
-2.83162     5.17883    -3.20156    0.658896     1.08163     1.92784
-4.04719     4.39235    -2.59736    0.365767    0.859684     1.95494
-2.69652     5.25749    -2.01324    0.365767     0.81032     2.00009
-2.85085      6.0637    -3.20156    0.865846     0.81032      1.9008
-3.75775     4.80525     -1.6104     0.27089    0.670568     1.94594
-3.89286     3.99904    -2.61744    0.288136    0.596571     2.00009
-4.31739     7.71534    -3.86634    0.814108    0.925438     1.92784
-3.81569     8.48222    -3.48358    0.633053    0.818563     1.89175
-5.3594     6.90924    -2.85919    0.486488    0.818563     1.98204
-3.46832     7.22377     -3.0002    0.710633    0.785686     1.96399
-2.96661     9.22938    -4.18863    0.719282    0.892561     1.98204
-5.01202      9.2491    -4.91376    0.908986    0.991192     1.89175
-6.34358     9.07206    -3.18148    0.615807    0.777443     1.97299
-5.12789     8.46261    -3.60451     0.52098    0.843197      1.8376
-4.83845        9.78    -4.18863    0.503734     0.81032     1.93689
-4.04719     9.81933    -3.10094     1.44356    0.761004     1.90979
-4.99279     9.72095    -2.93973    0.977969    0.678812     1.94594
-3.44908     9.19005    -2.63763      1.0728    0.662373     1.93689
-5.03137     10.1732     -3.3023    0.805511    0.917195     1.96399
-3.39115     10.0749    -4.14836     1.08139    0.982997     1.89175
-2.81227     10.4485    -3.10094     1.15038    0.761004     1.90979
-5.55232     13.0441    -2.93973     0.68479     1.12275     1.96399
-4.79975     11.8839    -3.68506      1.2625    0.596571     1.92784
-4.47173     10.2912    -2.75845     1.06415    0.662373     1.97299
-4.89627     10.0553    -2.45635     1.02966    0.728127     1.93689
-4.49108     10.9794    -1.20757    0.796863       0.909     2.01814
-3.21746     12.5918    -3.66486    0.977969    0.769248     2.00909
-3.42973     14.8334    -4.57127     1.19352    0.670568     1.91884
-1.34573     14.6368    -4.49073     1.27975    0.999436     1.92784
-2.38773     11.4514    -1.71114    0.771019    0.818563     1.98204
-1.80885     14.0665    -3.90661     1.16762    0.933633     1.96399
-0.824787     12.7491    -2.75845     1.09864    0.761004     1.98204
-2.13688      11.353    -2.51682    0.977969       0.909     2.00909
-0.342314     11.0778    -1.75141    0.753773    0.925438     1.93689
0.197978     11.8052    -3.96708     1.13313    0.950072     2.00009
0.622518     13.0637    -5.11512     1.49529     1.20494     1.96399
-0.130045     13.0637    -3.50377    0.633053     0.96651     1.90979
1.91537     13.7126    -4.43026     1.53838     1.06519     1.89175
0.73827     13.3783      -4.531    0.831354       0.909     1.93689
1.9733     12.6114    -4.93384     1.54703     1.17206     1.96399
1.91537     10.6451    -2.25487    0.960723     1.15563     1.91884
1.7031     10.7041    -3.04047    0.753773      1.1885     1.90979
2.24339     11.3136    -4.20871    0.995215     1.10631     1.95494
2.61     10.3109    -4.02743    0.986567      1.2707     1.94594
3.07313     11.1957    -2.77864     1.02966     1.07339     1.88275
3.51701     9.28843    -4.34972     1.08139     1.04875     1.92784
2.93814     9.66201     -1.9125    0.236449     1.07339     1.93689
4.03796     10.6648    -2.45635    0.788265     1.15563     1.94594
3.5556     10.7827    -1.77149    0.529578     1.20494      1.8737
4.11513     10.2912    -2.93973    0.840002      1.2707     1.94594
4.65542     10.7631    -2.75845    0.546823     1.22962     1.97299
4.84845     9.52441    -1.85204    0.546823     1.32001     1.97299
3.9222     7.67601    0.524716   -0.255032     1.03231     2.00909
3.67135     7.20416    0.867086   0.0812365    0.867879     2.00009
4.03796     8.75753    0.605259    0.132974     1.00763     1.88275
3.98014     9.60296    0.383705    0.400259    0.925438     1.97299
4.57825     9.72095    -1.75141    0.408857     1.12275     1.95494
4.42391      8.3249    0.887281    0.253695     1.20494     1.94594
3.5556     7.75467     1.51167    0.029499    0.843197     1.98204
3.74852     6.51594   -0.583057   -0.168803     1.04051     1.93689
3.4205      7.6564     1.99505   -0.324015     0.81032      1.8647
4.53967     9.70134   -0.744262   0.0898341     1.08163     1.99104
4.5976     9.95693    0.363628    0.141572     1.12275     1.98204
3.51701     8.04959     1.73323   -0.073976     1.17206     1.94594
2.84162     7.97104    0.524716    0.193309    0.884318     1.98204
3.20823     8.46261     0.74627  -0.0222385    0.859684     1.90979
4.21164     10.2125   -0.361502    0.426103      1.2707     2.00909
2.53283     10.3698    0.484444   -0.298172    0.941877     1.95494
2.22416     9.64229   -0.603252   0.0898341     1.07339     1.90979
2.53283     9.20977    0.323238   -0.298172    0.933633     1.92784
1.41366     6.10303     1.10884   -0.392999    0.826759     1.95494
1.62593     7.18444   0.0211398   -0.073976     0.96651     1.94594
1.23998      8.3249     1.24985   -0.479228       0.909     1.89175
2.24339     9.85866   -0.442164    0.236449     1.15563     1.90979
2.16623     9.60296   -0.623447  0.00360494     1.15563     1.94594
0.313731     8.22663     1.37066   -0.401647    0.999436     1.98204
1.20139     8.97379   0.0413348   -0.272278    0.843197     2.03619
0.0628766     6.69287    0.685803   -0.306769    0.547255     1.94594
0.294495     5.82772    0.242694   -0.324015    0.900756     1.94594
0.0822253     7.34176     1.29012   -0.660284    0.818563     1.98204
-1.61593     7.61707    0.766465   -0.599949    0.670568     2.00009
-0.747505       7.794    -0.22061   -0.177451    0.884318     1.95494
0.661102     7.53841    0.605259   -0.479228     1.12275     1.93689
-1.22998     7.16483     1.39086   -0.229188    0.596571     1.93689
0.506765     8.50194    0.907358  -0.0222385    0.867879     2.00909
-1.22998     7.73506    0.282966   -0.349909     0.81032     1.92784
0.178629      7.1255    0.544911   -0.487825    0.933633     1.96399
-0.130045     6.33902     1.26992   -0.539563     1.07339     1.97299
-0.670337      6.2013     2.03533   -0.556809    0.900756     1.91884
-0.766854     4.62833     1.73323   -0.617194    0.843197     2.10838
-0.612517     6.29969     2.35762   -0.496474    0.818563     2.03619
-0.0142918     5.49347     2.31735   -0.453384    0.629496     1.99104
0.0628766     5.70973      2.5591   -0.893077    0.711689     1.99104
-0.0528761     3.99904     2.19653   -0.651686    0.777443     1.93689
0.12081     3.58614     2.90147   -0.936217    0.711689     1.89175
1.12423     3.36988     4.00936    -1.22935    0.802125     1.97299
1.43301     2.01316     3.36477    -1.12592    0.662373     1.92784
1.93472     2.36702      4.0899    -1.04829    0.662373     2.00009
2.53283     2.22942     3.60652   -0.875831    0.522621     1.98204
1.93472     1.12829     3.68706   -0.755161    0.637691     1.95494
2.80304    0.912033     3.38497   -0.806899    0.588376     2.00009
3.2854     1.36427     4.91577    -1.30698    0.473258     1.99104
2.59077    -1.30995      5.1574    -1.45354    0.465062     1.99104
2.89944   -0.110436     4.69422   -0.996552    0.465062     1.95494
3.26616    -3.59086     6.46665    -1.35871    0.391065     1.97299
3.2854    -2.98131     5.68117    -1.61735    0.251313     1.91884
4.44326    -3.53181     6.28537    -1.71223    0.399308     1.95494
4.38533    -1.91951     5.19767    -1.76397    0.374626     1.90979
4.17306     -3.2565     5.49989    -1.59151    0.366383     1.94594
3.86427    -2.88292     4.91577    -1.25524     0.24307     1.93689
3.99937    -5.53742     5.43942     -1.0052    0.325311     1.96399
4.77128    -5.75379     7.09104    -1.95362    0.152682     1.89175
5.17647    -5.18356     4.99631    -1.10868    0.292434     1.94594
5.15713    -3.57114     5.41935    -1.37596    0.193754     1.92784
4.98355    -4.65266     5.98327    -1.36731    0.144438     1.94594
6.25706    -6.34363     6.46665    -1.61735    0.103318     1.99104
6.31499     -9.3717     6.58758    -1.88469   0.0458071     1.93689
6.6816    -9.84367     6.82922    -1.78121   -0.102188     1.90979
5.3694    -6.59922     6.28537     -1.6346   0.0458071     1.92784
6.12196     -7.2285     6.26529     -1.4018  -0.0939447      1.8737
7.08679    -9.62729     6.82922    -1.72947  -0.0610676     1.97299
6.72018    -8.17231     4.83511    -1.17766  -0.0364339     1.93689
6.29564    -8.25097      5.1776    -1.33282  -0.0610676     1.91884
6.73953    -7.44476     4.59348    -1.04829  -0.0857495     1.94594
7.06755    -10.8071     4.99631    -1.10868    -0.28306     1.92784
7.37623    -8.54589     5.96308    -1.38456   -0.209063     1.95494
7.66567    -10.0599     6.28537    -1.55702   -0.151504     1.91884
8.32182    -8.72281     4.95604     -1.2035   -0.135065     1.93689
8.37964    -10.4926     4.19064    -0.84139   -0.069311     1.88275
8.70778     -8.8212     4.04963   -0.936217   -0.200819     1.85565
8.66908    -8.64415     4.59348    -1.10003   -0.159747     1.99104
8.18672    -11.3577     4.73449    -1.17766   -0.307694     1.90979
8.97787     -11.279     4.47254   -0.763759   -0.217258     1.98204
8.10955    -10.2762      3.0224   -0.651686   -0.192624     1.92784
8.88135    -9.86327     3.46551   -0.979306   -0.258378     1.97299
8.97787    -8.21164     2.70011   -0.410244   -0.167942     1.99104
8.74636    -11.9279     3.38497   -0.729267   -0.307694     1.92784
8.66908    -9.41103     2.80085   -0.461982   -0.324133      1.8737
8.16737    -10.4335     2.88139   -0.694775   -0.307694     1.90979
9.19014    -11.9475     2.94174   -0.703424   -0.233745     1.93689
10.2129     -8.4279     2.51882   -0.358507   -0.258378     1.94594
8.97787    -11.0431     2.61956   -0.392999   -0.307694     1.88275
9.09362    -10.5711       2.257   -0.548211   -0.324133     1.93689
9.69185    -11.4953     2.72018   -0.746513   -0.414569     1.97299
8.10955    -8.09365     1.08864   -0.177451   -0.250183     1.85565
8.30247    -10.1386    0.645531   -0.272278    -0.28306     1.90979
9.86553    -10.5319     1.35058   -0.194697   -0.209063     1.92784
9.44099    -9.66662     0.74627   -0.237786   -0.258378      1.8737
9.57609    -10.0599    0.947748   -0.203294   -0.315937     1.91884
10.0392    -8.64415     1.29012   -0.108468   -0.233745      1.9008
9.0358    -7.79873     0.16215     0.15022   -0.266622     1.93689
8.14814    -11.9673   -0.401892    0.227801   -0.233745     1.94594
8.55333    -7.85767    0.383705   -0.332663   -0.291255     1.91884
7.16396    -7.28744   -0.482436    0.236449  -0.0857495     1.94594
8.22531    -9.96166   -0.583057    0.141572   -0.184381     1.90979
9.15155    -8.86053    0.826814   0.0208508    -0.24194     1.89175
9.07439    -8.70321    -0.56298    0.348522  -0.0939447      1.9008
8.78495    -9.21438    -0.56298    0.348522   -0.044629     1.84665
8.78495    -10.0206   0.0816067    0.417505   -0.135065     1.92784
7.97445    -7.24811    -1.26792    0.383013  -0.0610676     1.92784
6.73953    -6.77626    -1.18737    0.564069  -0.0281905     1.91884
6.27641    -6.08804    -1.59021    0.607209  -0.0610676     1.90979
5.79394    -4.77054     -2.6981    0.926232       0.128     1.93689
5.42733    -5.00652    -2.49662    0.650298  -0.0364339     1.84665
4.36598    -4.22003    -3.16128    0.745125   0.0540023      1.9008
6.04479    -6.81559     -1.4492    0.529578  -0.0610676      1.8737
4.77128    -6.61894    -1.73122    0.719282    -0.12687     1.90979
4.94497     -5.6358     -2.6981    0.917583   0.0458071      1.8647
5.33081     -5.6358    -2.85919     1.02966    0.103318      1.8015
6.33423    -6.22564    -2.09378    0.546823   -0.176186     1.96399
5.62025    -7.99526    -1.38885    0.762371  -0.0775061     1.95494
5.62025    -8.64415    -1.22764    0.693388   -0.143309      1.8286
5.73612    -9.29304   -0.744262    0.745125   -0.110383     1.99104
5.56243    -6.38296    -1.59021    0.650298    -0.12687     1.98204
5.65883    -8.88013    -1.34858    0.624455   -0.233745     1.90979
5.31158     -9.3717   -0.703991    0.607209   -0.192624      1.8286
5.62025    -8.56549   -0.683796    0.650298   -0.135065     1.94594
5.52385    -7.62169   -0.462241    0.495086   -0.209063     1.89175
5.8711     -8.9784    0.323238    0.176063   -0.250183     1.95494
6.14131    -8.89986    0.101684    0.245047   -0.299499     1.89175
5.5045    -10.0206   -0.079599    0.408857   -0.200819     1.93689
5.71677    -10.1582    0.504521   0.0812365   -0.217258      1.8647
5.81328    -9.64701   -0.401892    0.339873   -0.217258     1.96399
5.58167    -10.2566    0.665726 -0.00499269   -0.357058     1.84665
5.21506    -9.33237    0.544911    0.193309   -0.299499     1.90979
4.9642    -11.6133    0.826814    0.253695   -0.250183     1.93689
4.79052    -10.1189    0.947748     0.10708   -0.250183     1.96399
5.92904    -10.1975    0.484444    0.219203   -0.324133     1.84665
5.90969     -9.5093   0.0816067    0.443348    -0.24194     1.88275
5.75535     -8.4475     0.98802   0.0898341    -0.24194     1.94594
5.73612    -10.7481    0.867086   0.0553424   -0.291255     1.91884
5.38874    -10.1975    0.202422    0.348522   -0.159747     1.89175
5.3694    -10.9448    0.887281    0.115728   -0.291255     1.88275
4.8291    -10.0795     1.81377  0.00360494    -0.39813     1.90979
5.13789    -10.0993     2.03533  -0.0308867   -0.513248     1.97299
4.57825    -9.33237     2.01525  -0.0481326   -0.373496     1.97299
5.13789    -10.3352     3.38497   -0.651686   -0.447446      1.9008
5.69753    -11.0235     3.12302   -0.746513   -0.431007     1.98204
5.69753    -10.2369     2.82092   -0.599949   -0.340571     2.00909
5.40798    -10.5711     1.99505   -0.186049   -0.340571     1.93689
4.84845    -9.78461     2.17634   -0.255032   -0.233745     1.88275
4.86769    -10.3746     3.14322    -0.79825   -0.505005     1.85565
4.05731    -9.07679     2.47855  -0.0394844   -0.299499     1.91884
3.84504      -9.883     2.37781   -0.073976   -0.488566      1.8737
5.09931    -10.7481     2.92166     -0.5913   -0.381692     1.95494
5.3694    -12.4588     3.40504   -0.539563   -0.406374     1.94594
4.88704    -9.78461     3.92881   -0.686178   -0.389935      1.8647
4.44326    -9.15545     4.69422    -1.03969   -0.332376     2.00009
4.52043    -10.5711     4.63375    -1.05694    -0.49681     1.92784
4.25023    -10.7875     2.84112   -0.306769   -0.439251     1.99104
3.36256    -8.17231     2.63964    -0.22054    -0.39813      1.8737
3.59418    -9.01773     3.12302   -0.367155   -0.200819     1.92784
4.28881    -10.5515     5.03659    -1.03104   -0.439251     1.98204
4.7327    -9.25371     3.92881   -0.806899   -0.414569     1.90979
4.21164    -8.56549      3.3245   -0.582703    -0.24194     1.92784
4.34674     -7.3661     4.41219    -1.24659   -0.315937     1.95494
3.43984    -10.0206     3.66687   -0.617194   -0.414569     1.88275
2.97672      -11.22     3.70714   -0.496474   -0.488566      1.8647
2.95737    -10.3746     3.76761   -0.505071   -0.414569     1.99104
3.4205    -8.19191     3.60652   -0.625792   -0.332376      1.9008
3.16964    -7.32677     5.35888    -1.22075   -0.365253     1.88275
3.2854    -7.07118     3.90862   -0.703424   -0.225501     1.94594
3.86427    -8.27058      4.8755    -1.09143   -0.184381     1.89175
4.50108    -9.86327     5.74152     -1.6346   -0.233745      1.9008
3.07313    -9.58796     4.51293   -0.849988   -0.299499     1.91884
2.76445    -7.77901     5.29841    -1.08278   -0.373496     1.92784
3.16964     -6.1667     4.47254   -0.815496   -0.118627     1.93689
3.05389    -7.16945     5.09705    -1.31557   -0.151504     1.91884
3.45908    -7.16945      6.7084    -1.84155   -0.184381     1.93689
2.24339    -6.08804     4.65383   -0.927569   -0.250183     1.93689
2.18557    -6.28469      5.1776    -1.10868   -0.118627     1.95494
1.43301    -6.71721     4.97612    -1.08278   -0.373496     1.94594
2.05047    -8.21164     5.70125     -1.2121   -0.225501     1.98204
1.58735    -5.73407     5.80199    -1.47079   -0.258378     1.89175
1.51018    -3.33516     4.63375   -0.806899  -0.0610676     1.84665
0.757619    -4.20031     4.04963   -0.703424  -0.0199953      1.8737
-1.07564    -6.89414     7.19178    -1.83295   -0.414569     1.90979
2.03112    -7.24811     5.29841    -1.41045  -0.0281905     1.98204
0.352315    -6.67788     6.32564    -1.67774    -0.24194     1.98204
1.16281    -4.69199     5.72144    -1.35871   -0.192624     2.00909
0.00505684    -3.13851     6.26529    -1.59151  -0.0364339     1.98204
1.99254    -3.96444      5.1776     -1.4363    0.152682     1.95494
0.159394     -3.2565     3.68706   -0.806899    0.152682     1.94594
0.506765    -3.61047     5.98327    -1.67774 -0.00355676     1.94594
1.7031    -4.82959      7.4738    -2.20371   -0.069311     1.92784
1.43301    -5.02624     4.67402    -1.03104   0.0786842     1.95494
1.12423    -5.51781     6.12428    -1.61735   -0.110383     1.96399
1.27856    -4.65266     5.25814    -1.29833  -0.0528724      1.8647
1.68387    -4.08243     3.88842   -0.893077    0.234875     1.97299
1.60658    -1.84085     5.35888    -1.54842    0.103318     2.00009
2.01189    -4.80987     6.56739    -1.95362     0.01293     2.04518
2.06971    -5.22289     3.94889   -0.987955    0.136243     1.98204
3.03454    -3.88578     4.00936     -1.0138    0.201997     1.89175
2.8802    -3.29583     4.47254    -1.28973    0.119756     2.00909
2.59077     -4.3183     4.89557    -1.16901   0.0786842     1.93689
3.51701    -4.92786     2.49863    -0.63444    0.201997     1.90979
3.26616     -6.4419     5.41935     -1.8502   -0.110383     1.95494
3.59418    -5.32116     5.13732    -1.39321     0.01293     1.91884
3.51701    -6.79587     5.09705    -1.16041  -0.0364339     1.94594
4.30816    -6.42229     3.96908   -0.979306    0.103318     2.00009
4.42391    -6.10765     5.66098    -1.75532  -0.0528724     1.95494
4.44326    -5.79301     4.61355   -0.944815   0.0540023     2.01814
4.38533    -7.05146     3.60652   -0.617194    0.201997     1.97299
4.98355    -5.32116     4.89557    -1.14317   0.0951227      1.8737
5.52385    -6.36324     3.98916    -1.10868    0.119756     1.98204
5.52385    -7.30716     5.88253     -1.8157 -0.00355676     1.88275
5.52385    -6.18631     5.21787     -1.4277  -0.0528724     1.96399
5.67818    -6.32391     5.33868    -1.49668  0.00468661     1.92784
5.42733    -6.73693     4.99631    -1.26384 -0.00355676     1.90979
6.00621    -6.63855     5.96308    -1.55702   0.0786842     1.91884
5.73612    -6.50095     5.09705    -1.22935    0.103318     1.94594
5.48526    -6.55989     5.72144    -1.45354  -0.0199953     1.92784
6.06414    -6.71721     5.41935    -1.46219     0.01293     1.89175
5.94839     -6.3043     5.35888     -1.4018 -0.00355676     1.97299
5.90969     -6.4419     5.23806    -1.32422 -0.00355676     1.96399
5.90969    -6.38296     4.97612    -1.25524   0.0704408     1.95494
5.67818    -6.55989     4.75456    -1.12592   0.0786842     2.02713
5.31158    -6.91386      5.1574    -1.28108   0.0211252     1.92784
5.83252    -7.32677     5.72144    -1.47079  -0.0610676     1.93689
5.5045    -6.65827     5.27834    -1.29833  -0.0199953     1.99104
5.56243    -6.52056     5.25814    -1.38456  -0.0117519     1.92784
6.02555    -6.87453     5.39915    -1.44494   0.0704408     1.99104
5.71677     -6.3043     5.19767    -1.22935  -0.0364339     1.93689
5.54308    -6.20603     5.03659    -1.22075   0.0540023     1.95494
5.73612    -6.65827      5.1574    -1.34147   0.0293685     2.00009
5.71677    -7.14984     5.37896    -1.35007  -0.0281905     1.89175
5.8711    -6.85481     5.37896    -1.35007  -0.0281905     1.98204
5.92904    -6.93347     5.33868    -1.35007   0.0458071     1.93689
5.62025    -6.95319     5.62071    -1.41045   -0.044629     1.95494
5.56243    -6.57961     5.27834    -1.35871   0.0786842      1.9008
