-1.47166     2.92315     1.01351    -2.08487     1.44347     1.31495
-1.47166     2.92315     1.01351    -2.08487     1.44347     1.31495
-1.47166     2.92315     1.01351    -2.08487     1.44347     1.31495
-1.47166     2.92315     1.01351    -2.08487     1.44347     1.31495
-1.47166     2.92315     1.01351    -2.08487     1.44347     1.31495
-1.47166     2.92315     1.01351    -2.08487     1.44347     1.31495
-1.47166     2.92315     1.01351    -2.08487     1.44347     1.31495
-1.47166     2.92315     1.01351    -2.08487     1.44347     1.31495
-1.47166     2.92315     1.01351    -2.08487     1.44347     1.31495
-1.47166     2.92315     1.01351    -2.08487     1.44347     1.31495
-1.47166     2.92315     1.01351    -2.08487     1.44347     1.31495
-1.47166     2.92315     1.01351    -2.08487     1.44347     1.31495
-1.47166     2.92315     1.01351    -2.08487     1.44347     1.31495
-1.47166     2.92315     1.01351    -2.08487     1.44347     1.31495
-1.47166     2.92315     1.01351    -2.08487     1.44347     1.31495
-1.47166     2.92315     1.01351    -2.08487     1.44347     1.31495
-1.47166     2.92315     1.01351    -2.08487     1.44347     1.31495
-1.47166     2.92315     1.01351    -2.08487     1.44347     1.31495
-1.47166     2.92315     1.01351    -2.08487     1.44347     1.31495
-1.47166     2.92315     1.01351    -2.08487     1.44347     1.31495
-1.47166     2.92315     1.01351    -2.08487     1.44347     1.31495
-1.47166     2.92315     1.01351    -2.08487     1.44347     1.31495
-1.47166     2.92315     1.01351    -2.08487     1.44347     1.31495
-1.47166     2.92315     1.01351    -2.08487     1.44347     1.31495
-1.47166     2.92315     1.01351    -2.08487     1.44347     1.31495
-1.47166     2.92315     1.01351    -2.08487     1.44347     1.31495
-1.47166     2.92315     1.01351    -2.08487     1.44347     1.31495
-1.47166     2.92315     1.01351    -2.08487     1.44347     1.31495
-1.47166     2.92315     1.01351    -2.08487     1.44347     1.31495
-1.47166     2.92315     1.01351    -2.08487     1.44347     1.31495
-1.47166     2.92315     1.01351    -2.08487     1.44347     1.31495
-1.47166     2.92315     1.01351    -2.08487     1.44347     1.31495
-1.47166     2.92315     1.01351    -2.08487     1.44347     1.31495
-1.47166     2.92315     1.01351    -2.08487     1.44347     1.31495
-1.47166     2.92315     1.01351    -2.08487     1.44347     1.31495
-1.47166     2.92315     1.01351    -2.08487     1.44347     1.31495
-1.47166     2.92315     1.01351    -2.08487     1.44347     1.31495
-1.47166     2.92315     1.01351    -2.08487     1.44347     1.31495
-1.47166     2.92315     1.01351    -2.08487     1.44347     1.31495
-1.47166     2.92315     1.01351    -2.08487     1.44347     1.31495
-1.47166     2.92315     1.01351    -2.08487     1.44347     1.31495
-1.47166     2.92315     1.01351    -2.08487     1.44347     1.31495
-1.47166     2.92315     1.01351    -2.08487     1.44347     1.31495
-1.47166     2.92315     1.01351    -2.08487     1.44347     1.31495
-1.47166     2.92315     1.01351    -2.08487     1.44347     1.31495
-1.47166     2.92315     1.01351    -2.08487     1.44347     1.31495
-1.47166     2.92315     1.01351    -2.08487     1.44347     1.31495
-1.47166     2.92315     1.01351    -2.08487     1.44347     1.31495
-1.47166     2.92315     1.01351    -2.08487     1.44347     1.31495
-1.47166     2.92315     1.01351    -2.08487     1.44347     1.31495
-1.47166     2.92315     1.01351    -2.08487     1.44347     1.31495
-1.47166     2.92315     1.01351    -2.08487     1.44347     1.31495
-1.47166     2.92315     1.01351    -2.08487     1.44347     1.31495
-1.47166     2.92315     1.01351    -2.08487     1.44347     1.31495
-1.47166     2.92315     1.01351    -2.08487     1.44347     1.31495
-1.47166     2.92315     1.01351    -2.08487     1.44347     1.31495
-1.47166     2.92315     1.01351    -2.08487     1.44347     1.31495
-1.47166     2.92315     1.01351    -2.08487     1.44347     1.31495
-1.47166     2.92315     1.01351    -2.08487     1.44347     1.31495
-1.47166     2.92315     1.01351    -2.08487     1.44347     1.31495
-1.47166     2.92315     1.01351    -2.08487     1.44347     1.31495
-1.47166     2.92315     1.01351    -2.08487     1.44347     1.31495
-1.47166     2.92315     1.01351    -2.08487     1.44347     1.31495
-1.47166     2.92315     1.01351    -2.08487     1.44347     1.31495
-1.47166     2.92315     1.01351    -2.08487     1.44347     1.31495
-1.47166     2.92315     1.01351    -2.08487     1.44347     1.31495
-1.47166     2.92315     1.01351    -2.08487     1.44347     1.31495
-1.47166     2.92315     1.01351    -2.08487     1.44347     1.31495
-1.47166     2.92315     1.01351    -2.08487     1.44347     1.31495
-1.47166     2.92315     1.01351    -2.08487     1.44347     1.31495
-1.47166     2.92315     1.01351    -2.08487     1.44347     1.31495
-1.47166     2.92315     1.01351    -2.08487     1.44347     1.31495
-1.47166     2.92315     1.01351    -2.08487     1.44347     1.31495
-1.47166     2.92315     1.01351    -2.08487     1.44347     1.31495
-1.47166     2.92315     1.01351    -2.08487     1.44347     1.31495
-1.47166     2.92315     1.01351    -2.08487     1.44347     1.31495
-1.47166     2.92315     1.01351    -2.08487     1.44347     1.31495
-1.47166     2.92315     1.01351    -2.08487     1.44347     1.31495
-1.47166     2.92315     1.01351    -2.08487     1.44347     1.31495
-1.47166     2.92315     1.01351    -2.08487     1.44347     1.31495
-1.47166     2.92315     1.01351    -2.08487     1.44347     1.31495
-1.47166     2.92315     1.01351    -2.08487     1.44347     1.31495
-1.47166     2.92315     1.01351    -2.08487     1.44347     1.31495
-1.47166     2.92315     1.01351    -2.08487     1.44347     1.31495
-1.47166     2.92315     1.01351    -2.08487     1.44347     1.31495
-1.47166     2.92315     1.01351    -2.08487     1.44347     1.31495
-1.47166     2.92315     1.01351    -2.08487     1.44347     1.31495
-1.47166     2.92315     1.01351    -2.08487     1.44347     1.31495
-1.47166     2.92315     1.01351    -2.08487     1.44347     1.31495
-1.47166     2.92315     1.01351    -2.08487     1.44347     1.31495
-1.47166     2.92315     1.01351    -2.08487     1.44347     1.31495
-1.47166     2.92315     1.01351    -2.08487     1.44347     1.31495
-1.47166     2.92315     1.01351    -2.08487     1.44347     1.31495
-1.47166     2.92315     1.01351    -2.08487     1.44347     1.31495
-1.47166     2.92315     1.01351    -2.08487     1.44347     1.31495
-1.47166     2.92315     1.01351    -2.08487     1.44347     1.31495
-1.47166     2.92315     1.01351    -2.08487     1.44347     1.31495
-1.47166     2.92315     1.01351    -2.08487     1.44347     1.31495
-1.47166     2.92315     1.01351    -2.08487     1.44347     1.31495
-1.47166     2.92315     1.01351    -2.08487     1.44347     1.31495
-1.47166     2.92315     1.01351    -2.08487     1.44347     1.31495
-1.47166     2.92315     1.01351    -2.08487     1.44347     1.31495
-1.47166     2.92315     1.01351    -2.08487     1.44347     1.31495
-1.47166     2.92315     1.01351    -2.08487     1.44347     1.31495
-1.47166     2.92315     1.01351    -2.08487     1.44347     1.31495
-1.47166     2.92315     1.01351    -2.08487     1.44347     1.31495
-1.47166     2.92315     1.01351    -2.08487     1.44347     1.31495
-1.47166     2.92315     1.01351    -2.08487     1.44347     1.31495
-1.47166     2.92315     1.01351    -2.08487     1.44347     1.31495
-1.47166     2.92315     1.01351    -2.08487     1.44347     1.31495
-1.47166     2.92315     1.01351    -2.08487     1.44347     1.31495
-1.47166     2.92315     1.01351    -2.08487     1.44347     1.31495
-1.47166     2.92315     1.01351    -2.08487     1.44347     1.31495
-1.47166     2.92315     1.01351    -2.08487     1.44347     1.31495
-1.47166     2.92315     1.01351    -2.08487     1.44347     1.31495
-1.47166     2.92315     1.01351    -2.08487     1.44347     1.31495
-1.47166     2.92315     1.01351    -2.08487     1.44347     1.31495
-1.47166     2.92315     1.01351    -2.08487     1.44347     1.31495
-1.47166     2.92315     1.01351    -2.08487     1.44347     1.31495
-1.47166     2.92397     1.01351    -2.08487     1.44347     1.31495
-1.4707     2.92561     1.01351    -2.08487     1.44347     1.31495
-1.46877     2.93788     1.01351    -2.08487     1.44347     1.31495
-1.46396     2.95506     1.01447    -2.08487     1.44347     1.31495
-1.45818     2.97633      1.0164    -2.08487     1.44347     1.31495
-1.45048     3.00251     1.01832    -2.08487     1.44347     1.31495
-1.44182     3.03033     1.02121    -2.08487     1.44347     1.31495
-1.43605     3.05242      1.0241    -2.08487     1.44347     1.31495
-1.4322      3.0696     1.02602    -2.08487     1.44347     1.31495
-1.42546     3.09169     1.02795    -2.08487     1.44347     1.31495
-1.41776     3.12441     1.03084    -2.08487     1.44347     1.31495
-1.41006     3.15059     1.03469    -2.08487     1.44347     1.31495
-1.38792     3.21686     1.04527    -2.08487     1.44347     1.31495
-1.37926     3.24059     1.04912    -2.08487     1.44347     1.31495
-1.37348     3.25858     1.05105    -2.08487     1.44347     1.31495
-1.36482     3.28558      1.0549    -2.08487     1.44347     1.31495
-1.3552     3.31258     1.05971    -2.08368     1.44347     1.31495
-1.34461     3.33958     1.06549    -2.08368     1.44347     1.31495
-1.33691     3.35676     1.06837    -2.08368     1.44347     1.31495
-1.32728     3.37885     1.07222    -2.08368     1.44347     1.31495
-1.31477     3.40585     1.07704    -2.08368     1.44347     1.31495
-1.30033     3.42875     1.08185    -2.08368     1.44347     1.31495
-1.28878     3.45657     1.08955    -2.08368     1.44347     1.31495
-1.27242     3.48275     1.09725    -2.08368     1.44347     1.31495
-1.2551     3.50238     1.10398    -2.08368     1.44347     1.31495
-1.232     3.53347     1.11842    -2.08368     1.44347     1.31495
-1.20793     3.55065      1.1319    -2.08368     1.44347     1.31495
-1.19253     3.55802     1.14056    -2.08368     1.44347     1.31495
-1.1704     3.56293     1.15211    -2.08368     1.44347     1.31495
-1.14345     3.56456     1.16847    -2.08368     1.44347     1.31495
-1.12227     3.56374     1.18002    -2.08368     1.44347     1.31495
-1.10302     3.55965     1.19157    -2.08368     1.44347     1.31495
-1.09051     3.55638     1.19831    -2.08368     1.44347     1.31495
-1.06356     3.54575     1.21275    -2.08368     1.44347     1.31495
-1.05297     3.54002     1.21852    -2.08368     1.44347     1.31495
-1.03661     3.52775     1.23007    -2.08368     1.44347     1.31495
-1.02795     3.51957     1.23585    -2.08368     1.44347     1.31495
-1.01736     3.50975     1.24162    -2.08368     1.44347     1.31495
-1.01062     3.49502     1.25028    -2.08368     1.44347     1.31495
-1.00196     3.47866     1.25702    -2.08368     1.44347     1.31495
-0.966348     3.41157     1.28301    -2.08368     1.44347     1.31495
-0.958649     3.39357     1.28878    -2.08368     1.44347     1.31495
-0.947097     3.35758     1.29841    -2.08368     1.44347     1.31495
-0.937473     3.32158     1.30611    -2.08368     1.44347     1.31495
-0.93266      3.3044     1.30996    -2.08368     1.44347     1.31495
-0.929773     3.28067     1.31477    -2.08368     1.44347     1.31495
-0.925924     3.26267     1.31862    -2.08368     1.44347     1.31495
-0.922074     3.24468     1.32247    -2.08368     1.44347     1.31495
-0.917261     3.22013     1.32632    -2.08368     1.44347     1.31495
-0.910522     3.18414     1.33306    -2.08368     1.44347     1.31495
-0.901859     3.14159     1.34365    -2.08368     1.44347     1.31495
-0.893199      3.1105     1.34942    -2.08368     1.44347     1.31495
-0.888386     3.08023     1.35616    -2.08368     1.44347     1.31495
-0.881647     3.03115     1.36675    -2.08368     1.44347     1.31495
-0.876836     3.00088     1.37156    -2.08368     1.44347     1.31495
-0.87491     2.98288     1.37348    -2.08368     1.44347     1.31495
-0.87106      2.9657     1.37637    -2.08368     1.44347     1.31495
-0.866247     2.91661     1.38696    -2.08368     1.44347     1.31495
-0.862398     2.89861     1.39081    -2.08368     1.44347     1.31495
-0.855661     2.84952     1.40043    -2.08368     1.44347     1.31495
-0.851811     2.82498     1.40525    -2.08368     1.44347     1.31495
-0.847961     2.79471     1.41198    -2.08368     1.44347     1.31495
-0.846035     2.77016      1.4168    -2.08368     1.44347     1.31495
-0.840261     2.72108     1.42546    -2.08368     1.44347     1.31495
-0.836409     2.69081      1.4322    -2.08368     1.44347     1.31495
-0.833523     2.66545     1.43893    -2.08368     1.44347     1.31495
-0.830636      2.6409     1.44375    -2.08368     1.44347     1.31495
-0.827749     2.61554      1.4476    -2.08368     1.44347     1.31495
-0.825823     2.59754     1.45241    -2.08368     1.44347     1.31495
-0.823899     2.56154     1.46011    -2.08368     1.44347     1.31495
-0.821973     2.53209     1.46588    -2.08368     1.44347     1.31495
-0.82101     2.51409     1.46877    -2.08368     1.44347     1.31495
-0.819086     2.48382     1.47551    -2.08368     1.44347     1.31495
-0.81716     2.45355     1.48128    -2.08368     1.44347     1.31495
-0.816197     2.42328     1.48706    -2.08368     1.44347     1.31495
-0.814273     2.40037     1.49187    -2.08368     1.44347     1.31495
-0.812347     2.38237     1.49572    -2.08368     1.44347     1.31495
-0.80946     2.33411     1.50823    -2.08368     1.44347     1.31495
-0.807536     2.30956     1.51401    -2.08368     1.44347     1.31495
-0.80561     2.27929     1.52171    -2.08368     1.44347     1.31495
-0.80561     2.24902     1.52941    -2.08368     1.44347     1.31495
-0.803684     2.22039     1.53615    -2.08368     1.44347     1.31495
-0.803684     2.19175     1.54385    -2.08368     1.44347     1.31495
-0.802724     2.14266     1.55732    -2.08368     1.44347     1.31495
-0.802724      2.1263     1.56213    -2.08368     1.44347     1.31495
-0.801761      2.0854     1.57561    -2.08368     1.44347     1.31495
-0.801761     2.04285     1.58908     -2.0825     1.44347     1.31495
-0.801761     2.01831     1.59871     -2.0825     1.44347     1.31495
-0.802724     1.99377     1.60641     -2.0825     1.44347     1.31495
-0.802724     1.97004     1.61411     -2.0825     1.44347     1.31495
-0.802724     1.95368     1.61988     -2.0825     1.44347     1.31495
-0.804647     1.93077     1.62758     -2.0825     1.44347     1.31495
-0.80561      1.9095     1.63625     -2.0825     1.44347     1.31495
-0.808497     1.87268     1.65261     -2.0825     1.44347     1.31495
-0.814273     1.83423     1.67475     -2.0825     1.44347     1.31495
-0.825823     1.80069     1.70073     -2.0825     1.44347     1.31495
-0.838335     1.77615      1.7248     -2.0825     1.44347     1.31495
-0.848922     1.75978     1.74501     -2.0825     1.44347     1.31495
-0.868173     1.74506     1.77485     -2.0825     1.44347     1.31495
-0.881647     1.74178     1.79506     -2.0825     1.44347     1.31495
-0.899935      1.7426     1.82008     -2.0825     1.44347     1.31495
-0.910522     1.74506     1.83645     -2.0825     1.44347     1.31495
-0.923998      1.7516      1.8557     -2.0825     1.44347     1.31495
-0.941323     1.76224     1.87783     -2.0825     1.44347     1.31495
-0.95191     1.77124     1.89131     -2.0825     1.44347     1.31495
-0.965385     1.78514     1.90671     -2.0825     1.44347     1.31495
-0.977898     1.79905     1.92018     -2.0825     1.44347     1.31495
-0.989447     1.81378      1.9327     -2.0825     1.44347     1.31495
-1.02025     1.86041     1.96446     -2.0825     1.44347     1.31495
-1.0395     1.89232     1.98371     -2.0825     1.44347     1.31495
-1.05105     1.91604     1.99526     -2.0825     1.44347     1.31495
-1.06067     1.93404     2.00392     -2.0825     1.44347     1.31495
-1.07126     1.95859     2.01451     -2.0825     1.44347     1.31495
-1.10302     2.03304     2.04435     -2.0825     1.44347     1.31495
-1.11361     2.05758     2.05493     -2.0825     1.44347     1.31495
-1.12131      2.0764     2.06167    -2.08368     1.44347     1.31495
-1.13093     2.10094     2.06937    -2.08368     1.44347     1.31495
-1.14152     2.13612       2.079    -2.08368     1.44347     1.31495
-1.15115     2.15984      2.0867    -2.08368     1.44347     1.31495
-1.16366     2.19012     2.09728    -2.08368     1.44347     1.31495
-1.18387     2.24002     2.11461    -2.08368     1.44347     1.31495
-1.20408      2.2842     2.13097    -2.08368     1.44347     1.31495
-1.21756     2.31447     2.14059    -2.08368     1.44347     1.31495
-1.22526     2.33247     2.14733    -2.08368     1.44347     1.31495
-1.23392     2.35619     2.15503    -2.08368     1.44347     1.31495
-1.25702     2.42328     2.17236    -2.08368     1.44347     1.31495
-1.26761     2.44864     2.18006    -2.08368     1.44347     1.31495
-1.27723     2.47319     2.18776    -2.08368     1.44347     1.31495
-1.28397     2.49037     2.19257    -2.08368     1.44347     1.31495
-1.29263     2.51327     2.19931    -2.08487     1.44347     1.31495
-1.30226     2.54109     2.20604    -2.08487     1.44347     1.31495
-1.31285     2.56891     2.21471    -2.08487     1.44347     1.31495
-1.3167     2.57954     2.21856    -2.08487     1.44347     1.31495
-1.32343     2.59672     2.22337    -2.08487     1.44347     1.31495
-1.33595     2.62536     2.23203    -2.08487     1.44347     1.31495
-1.34461     2.64663     2.23781    -2.08487     1.44347     1.31495
-1.35616     2.66872     2.24551    -2.08487     1.44347     1.31495
-1.3706     2.69653     2.25609    -2.08487     1.44347     1.31495
-1.38215     2.71371     2.26283    -2.08487     1.44347     1.31495
-1.39081     2.73662     2.27149    -2.08487     1.44347     1.31495
-1.41391     2.78653     2.28786    -2.08487     1.44347     1.31495
-1.42546     2.80862     2.29556    -2.08487     1.44347     1.31495
-1.43605     2.83234     2.30422    -2.08487     1.44347     1.31495
-1.45145     2.86261     2.31577    -2.08487     1.44347     1.31495
-1.463     2.88634     2.32443    -2.08487     1.44347     1.31495
-1.47551     2.91006     2.33309    -2.08487     1.44347     1.31495
-1.48128     2.92152     2.33694    -2.08487     1.44347     1.31495
-1.48898     2.93952     2.34272    -2.08487     1.44347     1.31495
-1.50246     2.96815     2.35234    -2.08487     1.44347     1.31495
-1.51305     2.99106     2.35908    -2.08487     1.44347     1.31495
-1.52748     3.01887     2.36774    -2.08487     1.44347     1.31495
-1.53807     3.04096     2.37544    -2.08487     1.44347     1.31495
-1.56117     3.08105     2.39084    -2.08487     1.44347     1.31495
-1.5862     3.12278     2.41009    -2.08487     1.44347     1.31495
-1.62181     3.18168     2.43608    -2.08368     1.44347     1.31495
-1.6401     3.21113     2.45052    -2.08368     1.44347     1.31495
-1.65935     3.24059     2.46399    -2.08368     1.44347     1.31495
-1.67475     3.26186     2.47362    -2.08368     1.44347     1.31495
-1.68918     3.28313     2.48324    -2.08487     1.44347     1.31495
-1.70073     3.29867     2.49191    -2.08368     1.44347     1.31495
-1.71613     3.31994     2.50249    -2.08368     1.44347     1.31495
-1.7479     3.36085     2.52463    -2.08368     1.44347     1.31495
-1.76137     3.37721     2.53522    -2.08368     1.44347     1.31495
-1.77581     3.39357     2.54581    -2.08368     1.44347     1.31495
-1.79602     3.41485     2.55832    -2.08368     1.44347     1.31495
-1.82105     3.44021     2.57468    -2.08368     1.44347     1.31495
-1.85377     3.47048     2.59778    -2.08368     1.44347     1.31495
-1.87495     3.48929     2.61414    -2.08368     1.44347     1.31495
-1.90286     3.51138     2.63436    -2.08368     1.44347     1.31495
-1.94328     3.53756     2.66323    -2.08368     1.44347     1.31495
-1.97889     3.55556     2.68922    -2.08368     1.44347     1.31495
-2.00296     3.56538     2.70751    -2.08368     1.44347     1.31495
-2.03376     3.57438     2.73061    -2.08368     1.44347     1.31495
-2.04531     3.57683     2.73927    -2.08368     1.44347     1.31495
-2.07514     3.57929     2.76141    -2.08368     1.44347     1.31495
-2.09824     3.58011     2.77777    -2.08368     1.44347     1.31495
-2.1252     3.57929     2.79894    -2.08368     1.44347     1.31495
-2.15888      3.5752     2.82493    -2.08368     1.44347     1.31495
-2.18102     3.57029     2.84226    -2.08368     1.44347     1.31495
-2.23203      3.5482     2.88461    -2.08368     1.44347     1.31495
-2.25513     3.53593     2.90386    -2.08368     1.44347     1.31495
-2.27631      3.5212     2.92311    -2.08368     1.44347     1.31495
-2.30229     3.50238     2.94621    -2.08368     1.44347     1.31495
-2.32347     3.48684     2.96449    -2.08368     1.44347     1.31495
-2.33887     3.47375     2.97989    -2.08368     1.44347     1.31495
-2.35427     3.46148     2.99337    -2.08368     1.44347     1.31495
-2.37448     3.44512     3.01166    -2.08368     1.44347     1.31495
-2.40528     3.41485     3.04342    -2.08368     1.44347     1.31495
-2.44282     3.36658     3.08288    -2.08368     1.44347     1.31495
-2.46977     3.32485     3.11368    -2.08487     1.44347     1.31495
-2.48517     3.30031     3.13101    -2.08368     1.44347     1.31495
-2.50249     3.26922     3.15314    -2.08368     1.44347     1.31495
-2.51597     3.24549     3.17047    -2.08368     1.44347     1.31495
-2.52559      3.2275     3.18394    -2.08368     1.44347     1.31495
-2.54099     3.19886     3.20608    -2.08368     1.44347     1.31495
-2.55543     3.17105     3.22726    -2.08368     1.44347     1.31495
-2.56698     3.14814     3.24458    -2.08368     1.44347     1.31495
-2.57564     3.13178     3.25902    -2.08368     1.44347     1.31495
-2.59586     3.08841     3.29752    -2.08368     1.44347     1.31495
-2.60452     3.07123     3.31388    -2.08368     1.44347     1.31495
-2.61703     3.04505     3.34083    -2.08368     1.44347     1.31495
-2.62666     3.02378       3.362    -2.08368     1.44347     1.31495
-2.63821     2.99924     3.38703    -2.08368     1.44347     1.31495
-2.65264     2.96161     3.43034    -2.08368     1.44347     1.31495
-2.65842      2.9477     3.45729    -2.08368     1.44347     1.31495
-2.66419     2.93543     3.50349    -2.08368     1.44347     1.31495
-2.66612     2.93379     3.52755    -2.08368     1.44347     1.31495
-2.66708     2.93379     3.55739    -2.08368     1.44347     1.31495
-2.66612     2.93788     3.58627    -2.08368     1.44347     1.31495
-2.66419     2.94524      3.6161    -2.08368     1.44347     1.31495
-2.66131     2.95261     3.64017    -2.08368     1.44347     1.31495
-2.65746     2.96324     3.66327    -2.08368     1.44347     1.31495
-2.64976     2.97879     3.69118    -2.08368     1.44347     1.31495
-2.63917     3.00333      3.7239    -2.08368     1.44347     1.31495
-2.62666     3.02869      3.7547    -2.08368     1.44347     1.31495
-2.61896     3.04342      3.7701    -2.08368     1.44347     1.31495
-2.60548     3.06796     3.79513    -2.08368     1.44347     1.31495
-2.59393     3.09005     3.81438    -2.08368     1.44347     1.31495
-2.57949     3.11787     3.83844    -2.08368     1.44347     1.31495
-2.56409     3.14896     3.86154    -2.08368     1.44347     1.31495
-2.54966     3.17595     3.88079    -2.08368     1.44347     1.31495
-2.53137      3.2095     3.90582     -2.0825     1.44347     1.31495
-2.51404     3.23895     3.92699     -2.0825     1.44347     1.31495
-2.50346     3.25613      3.9395     -2.0825     1.44347     1.31495
-2.48902     3.27986     3.95587     -2.0825     1.44347     1.31495
-2.47554     3.30113     3.96934     -2.0825     1.44347     1.31495
-2.46303      3.3224     3.98378     -2.0825     1.44347     1.31495
-2.45244     3.33794     3.99437     -2.0825     1.44347     1.31495
-2.41972      3.3813     4.02709     -2.0825     1.44347     1.31495
-2.40047     3.40421     4.04634     -2.0825     1.44347     1.31495
-2.37544     3.43448     4.06944     -2.0825     1.44347     1.31495
-2.35908     3.45166     4.08388     -2.0825     1.44347     1.31495
-2.33887     3.47293     4.10217     -2.0825     1.44347     1.31495
-2.30711     3.50075     4.12623     -2.0825     1.44347     1.31495
-2.28593     3.51711     4.14163     -2.0825     1.44347     1.31495
-2.26957     3.52775     4.15318     -2.0825     1.44347     1.31495
-2.25417     3.53675     4.16473     -2.0825     1.44347     1.31495
-2.23877     3.54411     4.17435     -2.0825     1.44347     1.31495
-2.22433     3.55065     4.18494     -2.0825     1.44347     1.31495
-2.19931     3.55965      4.2013     -2.0825     1.44347     1.31495
-2.17909     3.56538     4.21574     -2.0825     1.44347     1.31495
-2.15118     3.57111     4.23403     -2.0825     1.44347     1.31495
-2.12135     3.57438     4.25424     -2.0825     1.44347     1.31495
-2.09728     3.57602      4.2706     -2.0825     1.44347     1.31495
-2.06841      3.5752     4.28985     -2.0825     1.44347     1.31495
-2.03857     3.57111     4.31006     -2.0825     1.44347     1.31495
-2.00873     3.56374     4.32835     -2.0825     1.44347     1.31495
-1.98563     3.55638     4.34183    -2.08368     1.44347     1.31495
-1.95772     3.54329     4.35819    -2.08368     1.44347     1.31495
-1.93462     3.53102      4.3707    -2.08368     1.44347     1.31495
-1.87976     3.49502      4.4015    -2.08368     1.44347     1.31495
-1.84992      3.4713     4.41786    -2.08368     1.44347     1.31495
-1.82201     3.44512      4.4323    -2.08368     1.44347     1.31495
-1.80661     3.42875     4.44096    -2.08368     1.44347     1.31495
-1.78255     3.40339     4.45251    -2.08368     1.44347     1.31495
-1.76041     3.37803     4.46406    -2.08368     1.44347     1.31495
-1.73923     3.35185     4.47561    -2.08368     1.44347     1.31495
-1.71806     3.32485      4.4862    -2.08368     1.44347     1.31495
-1.70073     3.30276     4.49486    -2.08368     1.44347     1.31495
-1.67763      3.2684     4.50834    -2.08368     1.44347     1.31495
-1.66608     3.25122     4.51411    -2.08368     1.44347     1.31495
-1.64106     3.21195     4.52759    -2.08368     1.44347     1.31495
-1.62373     3.18414     4.53625    -2.08368     1.44347     1.31495
-1.61026     3.16286     4.54299     -2.0825     1.44347     1.31495
-1.58812     3.12605      4.5555     -2.0825     1.44347     1.31495
-1.5708     3.09823      4.5632     -2.0825     1.44347     1.31495
-1.55828     3.07532     4.56994     -2.0825     1.44347     1.31495
-1.53903     3.04015     4.58053    -2.08368     1.44347     1.31495
-1.52652     3.01724      4.5863    -2.08368     1.44347     1.31495
-1.50727     2.98042     4.59689    -2.08368     1.44347     1.31495
-1.49668     2.95997     4.60266    -2.08368     1.44347     1.31495
-1.48225     2.93297      4.6094    -2.08368     1.44347     1.31495
-1.47358     2.91579     4.61325    -2.08368     1.44347     1.31495
-1.45337      2.8757     4.62384    -2.08368     1.44466     1.31495
-1.43508     2.84134      4.6325    -2.08368     1.44466     1.31495
-1.4245     2.81843     4.63731    -2.08368     1.44466     1.31495
-1.4091     2.78407     4.64598    -2.08368     1.44466     1.31495
-1.39562     2.75544     4.65175    -2.08368     1.44466     1.31495
-1.38311     2.72762     4.65753    -2.08368     1.44466     1.31495
-1.37252     2.70553     4.66234    -2.08368     1.44466     1.31495
-1.36386     2.68344     4.66715    -2.08368     1.44466     1.31495
-1.35231     2.65563     4.67293    -2.08368     1.44466     1.31495
-1.3398     2.62863      4.6787    -2.08368     1.44466     1.31495
-1.33306     2.61227     4.68255    -2.08368     1.44466     1.31495
-1.32343     2.59018     4.68736    -2.08368     1.44466     1.31495
-1.30707     2.55582     4.69603    -2.08368     1.44466     1.31495
-1.29648     2.53209     4.70084    -2.08368     1.44466     1.31495
-1.28493     2.50918     4.70661    -2.08368     1.44466     1.31495
-1.26857     2.46991     4.71528    -2.08368     1.44466     1.31495
-1.25895     2.44782     4.72009    -2.08368     1.44466     1.31495
-1.2243     2.36928     4.73838    -2.08368     1.44466     1.31495
-1.2166      2.3521     4.74223    -2.08368     1.44466     1.31495
-1.20697      2.3292     4.74704    -2.08368     1.44466     1.31495
-1.19927     2.31202     4.75089    -2.08368     1.44466     1.31495
-1.18387     2.27356     4.75955    -2.08368     1.44466     1.31495
-1.17425     2.25147     4.76436    -2.08368     1.44466     1.31495
-1.15115     2.19584     4.77591    -2.08368     1.44466     1.31495
-1.13671     2.16148     4.78458    -2.08368     1.44347     1.31495
-1.1319     2.15085     4.78746    -2.08368     1.44347     1.31495
-1.12035     2.12303     4.79228    -2.08487     1.44347     1.31495
-1.11457     2.10749     4.79613    -2.08487     1.44347     1.31495
-1.10591     2.08703     4.79998    -2.08487     1.44347     1.31495
-1.09725     2.06658     4.80479    -2.08487     1.44347     1.31495
-1.08377     2.03876     4.81249    -2.08487     1.44347     1.31495
-1.07511     2.02158     4.81634    -2.08487     1.44347     1.31495
-1.04816     1.96759     4.83078    -2.08487     1.44347     1.31495
-1.03853     1.94959     4.83559    -2.08487     1.44347     1.31495
-1.02891     1.93159      4.8404    -2.08487     1.44347     1.31495
-1.01447     1.90295     4.84906    -2.08487     1.44347     1.31495
-1.00388     1.88086      4.8558    -2.08487     1.44347     1.31495
-0.988486     1.85305     4.86446    -2.08487     1.44347     1.31495
-0.973085     1.82523     4.87409    -2.08487     1.44347     1.31495
-0.953836     1.79905     4.88564    -2.08487     1.44347     1.31495
-0.94036     1.78433      4.8943    -2.08487     1.44347     1.31495
-0.922074     1.76633     4.90585    -2.08487     1.44347     1.31495
-0.902822     1.75324     4.91933    -2.08487     1.44347     1.31495
-0.876836     1.74342     4.93858    -2.08487     1.44347     1.31495
-0.857585      1.7426     4.95301    -2.08487     1.44347     1.31495
-0.841222     1.74833     4.96649    -2.08487     1.44347     1.31495
-0.834486     1.75406     4.97323    -2.08487     1.44347     1.31495
-0.826786     1.76633     4.97996    -2.08487     1.44347     1.31495
-0.82101     1.78105     4.98574    -2.08487     1.44347     1.31495
-0.81716     1.79823     4.99151    -2.08487     1.44347     1.31495
-0.81331     1.81869     4.99536    -2.08487     1.44347     1.31495
-0.810423      1.8416     4.99921    -2.08487     1.44347     1.31495
-0.80946     1.85305     5.00018    -2.08487     1.44347     1.31495
-0.807536     1.88332     5.00403    -2.08487     1.44347     1.31495
-0.806573     1.90214     5.00691    -2.08487     1.44347     1.31495
-0.804647     1.93977     5.01076    -2.08487     1.44347     1.31495
-0.803684     1.97659     5.01558    -2.08487     1.44347     1.31495
-0.802724     2.00113      5.0175    -2.08368     1.44347     1.31495
-0.801761     2.01995     5.01943    -2.08368     1.44347     1.31495
-0.801761     2.04449     5.02039    -2.08368     1.44347     1.31495
-0.801761     2.06331     5.02231    -2.08368     1.44347     1.31495
-0.801761     2.08785     5.02424    -2.08368     1.44347     1.31495
-0.801761     2.11894     5.02713    -2.08368     1.44347     1.31495
-0.801761     2.14348     5.02905    -2.08368     1.44347     1.31495
-0.801761      2.2122     5.03483    -2.08368     1.44347     1.31495
-0.801761     2.24248     5.03675    -2.08368     1.44347     1.31495
-0.802724     2.27275     5.03868    -2.08368     1.44347     1.31495
-0.804647     2.31529      5.0406    -2.08368     1.44347     1.31495
-0.806573     2.33901     5.04156    -2.08368     1.44347     1.31495
-0.807536     2.36356     5.04253    -2.08368     1.44347     1.31495
-0.80946      2.3881     5.04349    -2.08368     1.44347     1.31495
-0.811386      2.4061     5.04445    -2.08368     1.44347     1.31495
-0.812347     2.42328     5.04541    -2.08368     1.44347     1.31495
-0.814273     2.44619     5.04638    -2.08368     1.44347     1.31495
-0.815236     2.46255     5.04734    -2.08368     1.44347     1.31495
-0.816197     2.48791      5.0483    -2.08368     1.44347     1.31495
-0.81716     2.50755     5.04926    -2.08368     1.44347     1.31495
-0.820047     2.53209     5.05119     -2.0825     1.44347     1.31495
-0.822936     2.55336     5.05215     -2.0825     1.44347     1.31495
-0.826786     2.57545     5.05311     -2.0825     1.44347     1.31495
-0.82871     2.59181     5.05311     -2.0825     1.44347     1.31495
-0.833523     2.62536     5.05408     -2.0825     1.44347     1.31495
-0.835449     2.64826     5.05504     -2.0825     1.44347     1.31495
-0.838335     2.67526       5.056     -2.0825     1.44347     1.31495
-0.844111      2.7268     5.05793     -2.0825     1.44347     1.31495
-0.848922     2.75707     5.05889     -2.0825     1.44347     1.31495
-0.851811     2.77507     5.05985     -2.0825     1.44347     1.31495
-0.856624     2.80534     5.05985     -2.0825     1.44347     1.31495
-0.858548     2.82334     5.06081     -2.0825     1.44347     1.31495
-0.861435     2.84625     5.06081     -2.0825     1.44347     1.31495
-0.863361     2.86834     5.06081     -2.0825     1.44347     1.31495
-0.868173     2.89452     5.06178     -2.0825     1.44347     1.31495
-0.872986     2.91661     5.06178     -2.0825     1.44347     1.31495
-0.876836     2.93952     5.06178     -2.0825     1.44347     1.31495
-0.880686     2.96161     5.06178     -2.0825     1.44347     1.31495
-0.885497     2.98942     5.06178     -2.0825     1.44347     1.31495
-0.891273     3.01315     5.06178     -2.0825     1.44347     1.31495
-0.89416     3.02951     5.06274     -2.0825     1.44347     1.31495
-0.897049     3.04996     5.06274     -2.0825     1.44347     1.31495
-0.900898     3.07042     5.06274     -2.0825     1.44347     1.31495
-0.904748     3.09005     5.06274     -2.0825     1.44347     1.31495
-0.909561     3.10969     5.06274    -2.08368     1.44347     1.31495
-0.916298     3.13587     5.06178    -2.08368     1.44347     1.31495
-0.921111     3.15305     5.06274    -2.08368     1.44347     1.31495
-0.926884     3.17023     5.06178    -2.08368     1.44347     1.31495
-0.933623     3.19886     5.06178    -2.08368     1.44347     1.31495
-0.94036     3.22831     5.06178    -2.08368     1.44347     1.31495
-0.949986     3.26104     5.06081    -2.08368     1.44347     1.31495
-0.957686     3.28558     5.06081    -2.08368     1.44347     1.31495
-0.965385     3.30849     5.05985    -2.08368     1.44347     1.31495
-0.974048     3.33794     5.05889    -2.08368     1.44347     1.31495
-0.986561     3.37312     5.05696    -2.08368     1.44347     1.31495
-0.996185     3.39603     5.05504    -2.08368     1.44347     1.31495
-1.00773      3.4263     5.05215    -2.08368     1.44347     1.31495
-1.02217     3.45493     5.04926    -2.08368     1.44347     1.31495
-1.03372     3.47702     5.04638    -2.08368     1.44347     1.31495
-1.06452     3.51875     5.03579    -2.08368     1.44347     1.31495
-1.08281     3.53756     5.03001    -2.08368     1.44347     1.31495
-1.11168     3.55802     5.02039     -2.0825     1.44347     1.31495
-1.12708     3.56456     5.01461     -2.0825     1.44347     1.31495
-1.14248     3.56783     5.00884    -2.08368     1.44347     1.31495
-1.16173     3.56947     5.00114    -2.08368     1.44347     1.31495
-1.17617     3.56783     4.99633    -2.08368     1.44347     1.31495
-1.19061     3.56538     4.99055     -2.0825     1.44347     1.31495
-1.22237     3.55638     4.97611    -2.08368     1.44347     1.31495
-1.2474     3.54165     4.96071    -2.08368     1.44347     1.31495
-1.26376     3.52775     4.95205    -2.08368     1.44347     1.31495
-1.27627     3.51057     4.94531    -2.08368     1.44347     1.31495
-1.29745     3.47539      4.9328    -2.08368     1.44347     1.31495
-1.30996     3.45248      4.9251    -2.08368     1.44347     1.31495
-1.32343     3.42139     4.91355    -2.08368     1.44347     1.31495
-1.33691      3.3903     4.90296    -2.08368     1.44347     1.31495
-1.34846     3.35921     4.89141    -2.08368     1.44347     1.31495
-1.35808     3.33549     4.88275    -2.08368     1.44347     1.31495
-1.36578     3.31094     4.87409    -2.08368     1.44347     1.31495
-1.37348      3.2864     4.86543    -2.08368     1.44347     1.31495
-1.38215     3.25695     4.85676    -2.08368     1.44347     1.31495
-1.39562     3.21522     4.83944    -2.08368     1.44347     1.31495
-1.40332     3.19068     4.82981    -2.08368     1.44347     1.31495
-1.41102     3.16695     4.81923    -2.08368     1.44347     1.31495
-1.4168     3.14323      4.8096    -2.08368     1.44347     1.31495
-1.4245     3.11296     4.79709    -2.08368     1.44347     1.31495
-1.43123     3.08923     4.78554    -2.08368     1.44347     1.31495
-1.43893     3.05896     4.76821    -2.08368     1.44347     1.31495
-1.44375     3.04015     4.75666    -2.08368     1.44347     1.31495
-1.45145     3.01233     4.73453    -2.08368     1.44347     1.31495
-1.4553     2.99269      4.7172    -2.08368     1.44347     1.31495
-1.45818     2.97879     4.70565    -2.08368     1.44347     1.31495
-1.46781     2.94279     4.67389    -2.08368     1.44347     1.31495
-1.46781     2.93952     4.67004    -2.08368     1.44347     1.31495
-1.46877      2.9387     4.66811    -2.08368     1.44347     1.31495
-1.46877     2.93706     4.66715    -2.08368     1.44347     1.31495
-1.46877     2.93624     4.66523    -2.08368     1.44347     1.31495
-1.46973     2.93543     4.66426    -2.08368     1.44347     1.31495
-1.46973     2.93543      4.6633    -2.08368     1.44347     1.31495
-1.46973     2.93461      4.6633    -2.08368     1.44347     1.31495
-1.46973     2.93461     4.66234    -2.08368     1.44347     1.31495
-1.46973     2.93461     4.66234    -2.08368     1.44347     1.31495
-1.46973     2.93461     4.66234    -2.08368     1.44347     1.31495
-1.46973     2.93461     4.66234    -2.08368     1.44347     1.31495
-1.46973     2.93461     4.66234    -2.08368     1.44347     1.31495
-1.46973     2.93461     4.66234    -2.08368     1.44347     1.31495
-1.46973     2.93461     4.66234    -2.08368     1.44347     1.31495
-1.46973     2.93461     4.66234    -2.08368     1.44347     1.31495
-1.46973     2.93461     4.66234    -2.08368     1.44347     1.31495
-1.46973     2.93461     4.66234    -2.08368     1.44347     1.31495
-1.46973     2.93461     4.66234    -2.08368     1.44347     1.31495
-1.46973     2.93461     4.66234    -2.08368     1.44347     1.31495
-1.46973     2.93461     4.66234    -2.08368     1.44347     1.31495
-1.46973     2.93461     4.66234    -2.08368     1.44347     1.31495
-1.46973     2.93461     4.66234    -2.08368     1.44347     1.31495
-1.46973     2.93461     4.66234    -2.08368     1.44347     1.31495
